total_return: 1.6377135739160003
annualized_return: 0.17285115206492385
annualized_volatility: 0.3304473574986366
sharpe_ratio: 0.5230822645196581
max_drawdown: -0.4401170529467303
buy_hold_return: 13.332379902833194
trades_count: 266.0
