total_return: 0.6096865211331244
annualized_return: 0.08139628296070334
annualized_volatility: 0.28374635899476913
sharpe_ratio: 0.28686282794629225
max_drawdown: -0.3438047907146867
buy_hold_return: 13.332379902833194
trades_count: 166.0
