total_return: -0.398275386433834
annualized_return: -0.08015860442078138
annualized_volatility: 0.2978150677504884
sharpe_ratio: -0.26915563751105714
max_drawdown: -0.6861572709365127
buy_hold_return: 12.84778940328327
trades_count: 62.0
